146191 (2.58)   
561372 (2.48)   
616111 (3.17)   
622909 (3.43)   
627555 (3.63)   
633927 (3.48)   
636305 (3.65)   
637059 (2.60)   
641367 (3.20)   
644967 (3.08)   
647379 (3.18)   
648380 (2.93)   
650876 (2.82)   
656308 (2.56)   
656338 (2.50)   
656359 (2.86)   
656374 (3.08)   
656385 (2.87)   
656393 (3.05)   
656405 (3.14)   
656418 (3.71)   
656425 (3.43)   
656434 (3.65)   
656460 (2.55)   
656494 (3.40)   
656506 (2.56)   
656519 (2.96)   
656544 (2.80)   
656548 (2.99)   
656555 (3.07)   
656562 (2.79)   
656577 (3.23)   
656584 (2.70)   
656592 (2.48)   
656609 (2.79)   
656626 (2.43)   
656662 (2.92)   
656672 (3.67)   
656692 (2.69)   
656703 (3.01)   
656709 (3.31)   
656714 (2.81)   
656721 (2.65)   
656726 (2.67)   
656730 (3.13)   
656736 (2.95)   
656742 (3.10)   
656749 (2.77)   
656767 (2.71)   
656775 (2.86)   
656780 (3.55)   
656786 (3.18)   
656793 (2.95)   
656830 (3.27)   
656841 (3.80)   
656845 (3.65)   
656850 (3.12)   
656858 (2.85)   
656865 (3.38)   
656871 (2.79)   
656884 (2.64)   
656893 (3.58)   
656904 (3.75)   
656915 (3.16)   
656919 (2.76)   
656924 (2.78)   
656928 (2.41)   
656936 (3.53)   
656941 (3.11)   
656948 (3.66)   
656954 (2.53)   
656959 (2.78)   
656964 (3.05)   
656968 (3.29)   
656973 (3.70)   
656977 (3.26)   
656984 (3.10)   
656991 (2.81)   
656995 (3.20)   
657001 (3.21)   
657009 (3.18)   
657018 (2.80)   
657023 (3.28)   
657031 (3.58)   
657036 (3.56)   
657044 (3.61)   
657052 (3.08)   
657056 (2.99)   
657061 (3.20)   
657067 (3.01)   
657074 (3.73)   
657080 (3.70)   
657088 (3.68)   
657098 (3.51)   
657103 (2.64)   
657107 (2.64)   
657112 (2.66)   
657117 (3.10)   
657123 (3.39)   
657129 (3.49)   
657138 (3.78)   
657144 (2.75)   
657155 (2.75)   
657162 (3.28)   
657166 (3.20)   
657172 (2.46)   
657179 (3.34)   
657184 (2.74)   
657191 (2.31)   
657196 (2.81)   
657201 (3.29)   
657208 (3.18)   
657218 (3.36)   
657224 (2.90)   
657230 (3.06)   
657234 (2.96)   
657238 (2.90)   
657244 (3.40)   
657249 (3.48)   
657258 (3.25)   
657263 (3.03)   
657269 (3.04)   
657278 (3.18)   
657285 (3.03)   
657295 (2.85)   
657304 (3.65)   
657311 (2.63)   
657320 (2.67)   
657325 (3.26)   
657336 (2.90)   
657340 (3.52)   
657345 (3.14)   
657351 (3.35)   
657356 (3.11)   
657361 (3.10)   
657366 (2.80)   
657374 (3.39)   
657382 (4.00)   
657388 (3.81)   
657394 (2.84)   
657400 (3.57)   
657404 (2.84)   
657415 (2.69)   
657428 (3.65)   
657435 (3.32)   
657441 (3.86)   
657445 (3.24)   
657451 (2.90)   
657457 (3.67)   
657461 (2.67)   
657470 (3.28)   
657474 (2.93)   
657479 (2.49)   
657487 (3.36)   
657501 (3.07)   
657508 (2.65)   
657512 (2.88)   
657519 (3.02)   
657525 (2.60)   
657532 (2.88)   
657542 (2.77)   
657550 (3.17)   
657560 (2.61)   
657570 (3.03)   
657579 (2.86)   
657591 (2.83)   
657605 (2.76)   
657620 (2.96)   
657640 (2.78)   
657650 (2.65)   
657662 (2.52)   
657669 (3.63)   
657676 (2.85)   
657686 (2.37)   
657720 (2.61)   
657725 (2.59)   
657733 (2.57)   
657739 (3.11)   
657745 (3.67)   
657756 (2.61)   
657783 (3.22)   
657795 (3.33)   
657826 (2.58)   
657840 (2.45)   
657854 (3.74)   
657862 (2.80)   
657869 (3.39)   
657902 (2.44)   
657909 (2.84)   
657952 (2.68)   
657971 (2.94)   
657981 (3.04)   
657990 (2.48)   
657996 (3.12)   
658010 (2.76)   
658022 (2.42)   
658027 (3.13)   
658032 (3.24)   
658037 (3.17)   
658043 (3.13)   
658050 (2.63)   
658056 (2.73)   
658060 (2.79)   
658064 (2.76)   
658070 (2.38)   
658075 (2.90)   
658081 (3.26)   
658086 (2.62)   
658091 (2.41)   
658095 (2.49)   
658100 (2.66)   
658105 (2.70)   
658156 (3.13)   
658161 (3.59)   
658165 (2.65)   
658172 (3.01)   
658180 (2.84)   
658186 (3.48)   
658194 (2.95)   
658205 (2.78)   
658218 (2.61)   
658231 (2.92)   
658239 (2.53)   
658250 (2.73)   
658258 (2.80)   
658267 (3.05)   
658290 (2.48)   
658305 (2.63)   
658319 (2.81)   
658348 (2.32)   
658360 (2.74)   
658377 (3.24)   
658392 (2.98)   
658399 (2.64)   
658433 (3.36)   
658444 (3.05)   
658454 (3.00)   
658464 (3.52)   
658494 (2.91)   
658508 (2.60)   
658536 (2.41)   
658542 (3.02)   
658562 (2.98)   
658597 (3.18)   
658627 (3.59)   
658660 (3.24)   
658664 (3.02)   
658672 (3.40)   
658677 (3.13)   
658685 (2.86)   
658694 (2.79)   
658699 (3.13)   
658703 (2.88)   
658712 (3.42)   
658717 (3.18)   
658727 (3.57)   
658731 (3.35)   
658738 (3.24)   
658742 (3.27)   
658748 (2.89)   
658757 (3.31)   
658764 (3.06)   
658769 (2.76)   
658779 (2.79)   
658791 (2.69)   
658801 (2.82)   
658807 (3.32)   
658815 (3.00)   
658832 (2.92)   
658838 (2.64)   
658844 (3.46)   
658852 (3.00)   
658893 (2.58)   
658939 (3.45)   
668450 (3.63)   
672641 (2.64)   
675248 (2.82)   
676126 (2.92)   
677236 (3.02)   
677650 (3.05)   
680596 (2.65)   
682706 (3.03)   
688169 (2.32) 
658124 (3.70)
658132 (3.15)
658139 (3.57)
658155 (3.04)
658159 (3.35)
658164 (3.52)
658171 (2.53)
658179 (2.73)
658185 (2.78)
658193 (3.42)
658204 (2.87)
658214 (2.63)
658225 (3.38)
658237 (3.42)
658248 (3.23)
658257 (3.17)
658266 (3.54)
658289 (2.43)
658299 (2.95)
658316 (2.81)
658346 (2.32)
658352 (2.86)
658376 (3.17)
658390 (3.17)
658397 (2.65)
658428 (2.70)
658441 (2.95)
658451 (3.26)
658463 (3.69)
658486 (2.47)
658501 (2.95)
658525 (2.59)
658541 (2.75)
658560 (3.22)
658596 (3.30)
658624 (3.35)
658659 (2.86)
658663 (3.24)
658670 (3.55)
658675 (2.95)
658681 (3.04)
658693 (2.60)
658697 (3.48)
658702 (3.02)
658710 (3.51)
658716 (2.95)
658725 (2.88)
658730 (3.48)
658735 (2.70)
658741 (2.86)
658745 (2.85)
658754 (3.56)
658761 (2.73)
658768 (3.10)
658775 (2.92)
658790 (2.75)
658799 (2.92)
658806 (2.95)
658812 (2.56)
658818 (2.51)
658836 (3.29)
658842 (3.64)
658851 (3.05)
658889 (3.31)
658936 (2.98)
666229 (2.60)
671904 (2.96)
675045 (3.09)
675719 (2.99)
677041 (3.35)
677576 (2.24)
680549 (2.89)
682692 (3.40)
685962 (2.99)
561144 (2.55)
615897 (3.28)
621372 (3.13)
624170 (3.84)
632083 (3.02)
635622 (2.95)
636839 (3.22)
640202 (2.92)
644962 (3.15)
646782 (3.76)
647598 (2.74)
650838 (2.83)
650930 (3.36)
656331 (2.61)
656358 (2.51)
656370 (2.45)
656383 (2.45)
656392 (3.10)
656400 (2.62)
656417 (2.71)
656424 (3.08)
656428 (2.88)
656459 (2.69)
656493 (2.43)
656505 (2.63)
656512 (3.19)
656543 (3.06)
656547 (2.87)
656552 (2.79)
656561 (3.05)
656575 (2.75)
656582 (2.95)
656589 (2.45)
656605 (2.63)
656617 (2.39)
656658 (3.11)
656668 (3.05)
656690 (2.81)
656701 (3.07)
656708 (3.02)
656713 (2.86)
656717 (3.24)
656724 (2.56)
656729 (3.04)
656734 (2.49)
656741 (2.82)
656747 (3.07)
656765 (3.12)
656774 (3.52)
656778 (2.93)
656784 (2.92)
656792 (2.98)
656815 (3.06)
656835 (2.54)
656844 (2.82)
656849 (2.82)
656855 (2.95)
656864 (2.98)
656870 (3.10)
656881 (3.20)
656892 (3.02)
656901 (3.58)
656913 (3.28)
656918 (2.68)
656923 (3.21)
656927 (2.78)
656935 (3.75)
656940 (3.83)
656945 (3.28)
656952 (3.29)
656957 (2.45)
656963 (2.63)
656967 (2.84)
656972 (2.95)
656976 (2.84)
656983 (3.94)
656989 (2.48)
656994 (2.68)
656999 (2.99)
657007 (2.58)
657014 (3.06)
657022 (2.96)
657030 (2.91)
657034 (3.53)
657043 (2.81)
657049 (2.79)
657055 (3.34)
657060 (3.63)
657066 (2.89)
657073 (2.85)
657079 (3.45)
657087 (3.39)
657097 (3.50)
657102 (3.18)
657106 (2.48)
657110 (2.70)
657115 (3.98)
657122 (3.01)
657128 (3.65)
657134 (2.63)
657141 (3.31)
657154 (2.76)
657161 (3.20)
657165 (3.28)
657171 (3.15)
657177 (2.95)
657183 (2.58)
657188 (2.70)
657195 (2.61)
657200 (2.94)
657207 (2.81)
657215 (2.96)
657221 (3.35)
657229 (2.93)
657233 (3.50)
657237 (2.59)
657241 (3.19)
657247 (2.70)
657257 (2.95)
657262 (3.25)
657268 (3.16)
657276 (2.49)
657284 (2.59)
657292 (2.75)
657302 (2.66)
657310 (2.82)
657319 (2.30)
657324 (3.14)
657333 (3.01)
657339 (3.55)
657344 (2.98)
657350 (2.86)
657355 (3.68)
657360 (3.42)
657365 (3.14)
657372 (3.75)
657380 (3.49)
657386 (3.35)
657393 (3.27)
657399 (3.78)
657403 (3.58)
657414 (2.56)
657426 (2.94)
657434 (2.77)
657440 (3.22)
657444 (3.42)
657450 (3.84)
657456 (3.17)
657460 (3.36)
657468 (3.44)
657473 (3.83)
657478 (3.43)
657486 (3.42)
657500 (3.17)
657507 (2.43)
657511 (3.10)
657518 (2.63)
657524 (3.01)
657529 (2.52)
657536 (2.57)
657549 (3.40)
657554 (3.50)
657568 (3.80)
657576 (3.57)
657589 (3.00)
657595 (2.57)
657615 (2.87)
657636 (3.50)
657647 (2.83)
657661 (3.04)
657667 (3.61)
657675 (3.63)
657684 (2.89)
657719 (2.43)
657724 (3.04)
657731 (2.46)
657737 (2.63)
657744 (3.09)
657754 (3.15)
657779 (2.46)
657793 (2.35)
657813 (2.76)
657839 (2.39)
657853 (2.77)
657861 (2.63)
657868 (2.89)
657897 (3.16)
657908 (2.74)
657942 (3.39)
657962 (2.73)
657977 (2.58)
657989 (3.68)
657994 (2.92)
658006 (2.51)
658019 (3.45)
658025 (2.71)
658031 (2.53)
658035 (2.39)
658041 (3.87)
658049 (3.20)
658055 (2.26)
658059 (3.42)
658063 (2.49)
658069 (2.66)
658074 (2.97)
658080 (3.32)
658084 (2.76)
658090 (2.83)
658094 (3.36)
658099 (2.79)
658104 (3.27)
658112 (3.67)
658115 (2.66) 
658116 (2.74) 
658123 (3.03) 
658126 (2.92) 
658130 (2.93) 
658131 (3.14) 
658135 (2.93) 
658137 (3.15) 
658138 (3.30) 
658141 (3.74) 
658145 (3.09) 
658152 (2.49)
560522 (3.43)
615895 (2.97)
621112 (3.41)
624143 (3.49)
628777 (2.77)
635294 (3.34)
636739 (2.70)
640107 (2.85)
643226 (2.35)
646567 (2.96)
647583 (3.81)
650835 (2.95)
650927 (2.92)
656330 (2.27)
656357 (2.61)
656369 (2.45)
656382 (3.63)
656391 (2.73)
656397 (3.05)
656412 (3.61)
656423 (2.43)
656427 (3.06)
656453 (3.00)
656482 (2.33)
656498 (2.85)
656510 (2.95)
656533 (2.61)
656546 (3.00)
656551 (2.62)
656560 (3.35)
656570 (3.29)
656580 (2.62)
656587 (3.71)
656600 (2.50)
656614 (2.51)
656652 (2.87)
656665 (3.07)
656685 (3.21)
656700 (3.65)
656705 (3.27)
656712 (3.06)
656716 (3.27)
656723 (3.07)
656728 (3.67)
656732 (3.46)
656740 (3.14)
656746 (3.35)
656755 (3.50)
656771 (3.13)
656777 (2.83)
656783 (2.68)
656789 (2.54)
656813 (2.29)
656833 (3.56)
656843 (3.15)
656848 (3.56)
656852 (3.25)
656861 (3.17)
656869 (2.95)
656877 (3.01)
656890 (2.87)
656900 (2.79)
656910 (2.91)
656917 (2.70)
656922 (3.43)
656926 (2.71)
656932 (3.85)
656939 (3.54)
656944 (3.03)
656950 (2.74)
656956 (2.70)
656962 (3.39)
656966 (2.59)
656971 (3.65)
656975 (2.79)
656982 (3.04)
656987 (2.69)
656993 (3.15)
656998 (3.04)
657006 (2.55)
657013 (3.79)
657020 (3.06)
657026 (2.79)
657033 (3.54)
657040 (3.69)
657046 (2.71)
657054 (3.80)
657058 (3.34)
657064 (3.34)
657071 (2.91)
657077 (3.94)
657085 (2.94)
657095 (2.58)
657100 (3.34)
657105 (3.56)
657109 (3.06)
657114 (2.71)
657121 (3.59)
657127 (2.55)
657132 (3.03)
657140 (3.36)
657153 (2.64)
657160 (2.78)
657164 (3.84)
657169 (3.51)
657176 (2.79)
657182 (3.49)
657186 (3.14)
657194 (2.81)
657198 (3.53)
657206 (3.49)
657214 (2.60)
657220 (3.24)
657228 (2.65)
657232 (3.54)
657236 (3.75)
657240 (3.15)
657246 (3.08)
657254 (3.21)
657261 (3.25)
657266 (3.30)
657274 (3.45)
657283 (3.33)
657288 (2.59)
657301 (3.32)
657309 (3.89)
657316 (2.74)
657323 (2.97)
657329 (2.75)
657338 (3.09)
657342 (2.47)
657347 (2.50)
657354 (3.23)
657359 (3.81)
657364 (3.95)
657370 (3.49)
657376 (2.98)
657385 (3.86)
657391 (3.06)
657398 (3.19)
657402 (3.51)
657409 (2.82)
657422 (3.07)
657433 (3.19)
657439 (2.99)
657443 (3.41)
657447 (3.31)
657455 (3.72)
657459 (2.85)
657466 (3.00)
657472 (3.16)
657476 (3.31)
657485 (3.16)
657497 (3.06)
657506 (3.25)
657510 (2.72)
657515 (3.51)
657522 (3.03)
657527 (3.07)
657534 (2.97)
657548 (2.97)
657553 (2.97)
657567 (3.83)
657574 (2.70)
657587 (2.46)
657593 (3.11)
657611 (3.57)
657635 (3.07)
657643 (2.72)
657658 (2.91)
657665 (2.59)
657673 (3.26)
657680 (3.50)
657718 (2.85)
657723 (2.59)
657729 (3.00)
657736 (2.50)
657741 (2.46)
657751 (3.33)
657763 (2.74)
657791 (3.49)
657801 (3.27)
657833 (3.03)
657850 (2.84)
657860 (2.88)
657865 (3.00)
657895 (2.53)
657907 (2.65)
657932 (2.66)
657961 (2.74)
657974 (3.57)
657986 (2.72)
657992 (3.63)
658003 (2.49)
658015 (2.99)
658024 (2.51)
658030 (2.48)
658034 (2.45)
658040 (2.99)
658047 (2.46)
658054 (3.60)
658058 (3.47)
658062 (2.68)
658066 (3.25)
658073 (2.97)
658078 (2.36)
658083 (2.71)
658089 (2.74)
658093 (2.80)
658098 (3.47)
658103 (2.92)
658109 (2.50)
658158 (2.68)
658163 (2.89)
658170 (2.45)
658177 (3.41)
658184 (2.75)
658190 (3.70)
658198 (2.49)
658212 (2.47)
658222 (3.37)
658234 (2.82)
658242 (2.67)
658255 (2.76)
658265 (3.03)
658284 (3.19)
658296 (2.71)
658308 (3.10)
658340 (2.90)
658350 (2.74)
658367 (2.86)
658383 (2.95)
658396 (2.55)
658412 (2.88)
658436 (2.89)
658449 (3.29)
658461 (2.88)
658481 (2.60)
658500 (2.78)
658514 (2.50)
658540 (3.07)
658557 (3.52)
658579 (2.63)
658622 (3.11)
658650 (2.95)
658662 (3.14)
658669 (2.74)
658674 (3.08)
658679 (3.18)
658689 (2.94)
658696 (3.27)
658701 (3.49)
658709 (3.38)
658714 (3.63)
658722 (2.86)
658729 (2.70)
658734 (2.90)
658740 (2.77)
658744 (3.74)
658753 (2.82)
658760 (2.64)
658766 (2.42)
658774 (3.57)
658787 (2.76)
658795 (2.99)
658805 (2.80)
658811 (2.88)
658817 (3.02)
658835 (2.98)
658840 (3.07)
658850 (3.21)
658860 (2.63)
658922 (2.78)
658949 (2.75)
671888 (2.74)
674462 (2.55)
675370 (3.01)
677011 (2.52)
677570 (2.67)
680438 (3.28)
681536 (3.66)
685759 (3.55)
559952 (2.68)
611974 (2.83)
618751 (3.02)
623019 (3.50)
627601 (3.26)
633991 (2.43)
636689 (2.73)
639649 (2.70)
643030 (3.41)
644972 (2.95)
647394 (3.34)
650302 (3.33)
650912 (3.39)
656323 (2.60)
656346 (2.71)
656368 (2.68)
656377 (2.44)
656390 (2.83)
656396 (2.38)
656410 (2.88)
656421 (3.35)
656426 (2.39)
656436 (3.87)
656475 (3.20)
656496 (2.87)
656508 (2.43)
656528 (2.45)
656545 (2.96)
656549 (2.43)
656556 (3.75)
656567 (2.45)
656579 (2.93)
656585 (2.63)
656593 (2.57)
656611 (2.49)
656649 (3.02)
656663 (3.13)
656674 (3.20)
656698 (2.74)
656704 (3.14)
656710 (3.06)
656715 (2.89)
656722 (3.58)
656727 (2.95)
656731 (3.46)
656738 (2.93)
656745 (2.83)
656753 (3.39)
656769 (3.44)
656776 (3.70)
656781 (2.80)
656787 (2.75)
656809 (2.99)
656831 (3.58)
656842 (3.08)
656847 (3.31)
656851 (2.79)
656860 (3.00)
656866 (3.26)
656873 (3.14)
656887 (2.79)
656899 (3.68)
656906 (3.88)
656916 (3.01)
656921 (3.70)
656925 (3.44)
656930 (2.65)
656937 (3.69)
656942 (3.63)
656949 (2.84)
656955 (3.21)
656960 (3.30)
656965 (2.81)
656970 (3.79)
656974 (3.88)
656979 (2.95)
656986 (2.71)
656992 (3.71)
656996 (3.24)
657005 (2.90)
657011 (3.34)
657019 (2.49)
657024 (3.29)
657032 (3.73)
657037 (3.93)
657045 (3.14)
657053 (3.18)
657057 (3.80)
657063 (3.19)
657070 (3.90)
657076 (3.55)
657081 (3.36)
657089 (3.06)
657099 (2.95)
657104 (3.14)
657108 (3.53)
657113 (3.74)
657119 (2.96)
657125 (3.80)
657131 (3.46)
657139 (2.94)
657146 (2.61)
657159 (2.89)
657163 (3.70)
657167 (2.99)
657173 (2.95)
657181 (2.65)
657185 (2.63)
657193 (3.16)
657197 (2.85)
657203 (3.26)
657212 (3.21)
657219 (3.19)
657225 (3.15)
657231 (3.55)
657235 (3.11)
657239 (3.58)
657245 (3.18)
657250 (3.01)
657259 (3.79)
657265 (2.95)
657273 (2.70)
657282 (2.91)
657287 (2.81)
657299 (2.94)
657307 (3.06)
657312 (3.34)
657322 (3.25)
657326 (2.86)
657337 (2.99)
657341 (3.95)
657346 (3.23)
657353 (3.14)
657357 (3.00)
657363 (2.81)
657367 (3.63)
657375 (3.06)
657384 (3.70)
657389 (3.82)
657395 (2.35)
657401 (2.72)
657406 (2.55)
657416 (3.24)
657431 (3.20)
657438 (3.13)
657442 (3.73)
657446 (3.63)
657453 (2.72)
657458 (3.26)
657462 (3.10)
657471 (3.47)
657475 (3.09)
657481 (2.52)
657495 (3.36)
657502 (2.70)
657509 (3.05)
657514 (3.32)
657520 (2.76)
657526 (3.01)
657533 (3.11)
657544 (2.94)
657552 (2.42)
657564 (2.57)
657571 (3.35)
657582 (2.59)
657592 (2.89)
657608 (2.65)
657633 (2.57)
657641 (3.37)
657657 (2.80)
657664 (3.61)
657670 (2.52)
657678 (2.80)
657707 (2.76)
657722 (2.37)
657726 (2.61)
657735 (3.13)
657740 (2.85)
657750 (2.87)
657759 (2.74)
657789 (3.22)
657800 (2.69)
657832 (2.56)
657844 (2.72)
657857 (3.06)
657864 (2.51)
657890 (3.23)
657903 (2.98)
657923 (3.93)
657955 (3.06)
657973 (2.86)
657983 (2.77)
657991 (2.53)
658002 (2.78)
658014 (2.71)
658023 (2.55)
658028 (2.25)
658033 (3.48)
658038 (2.93)
658046 (2.58)
658051 (3.26)
658057 (3.72)
658061 (2.72)
658065 (3.79)
658072 (3.70)
658077 (2.55)
658082 (3.03)
658088 (2.35)
658092 (3.61)
658096 (2.85)
658101 (2.70)
658107 (2.91)
658157 (2.40)
658162 (2.47)
658166 (3.08)
658174 (3.61)
658182 (3.33)
658188 (2.52)
658196 (3.20)
658211 (3.26)
658219 (3.12)
658232 (2.82)
658240 (2.87)
658253 (2.62)
658259 (2.70)
658276 (2.74)
658293 (2.64)
658306 (2.38)
658335 (2.62)
658349 (3.14)
658363 (2.55)
658381 (3.60)
658394 (3.04)
658408 (2.93)
658434 (3.43)
658448 (3.14)
658460 (3.13)
658476 (2.66)
658496 (2.53)
658511 (2.78)
658537 (2.86)
658543 (2.63)
658570 (2.47)
658600 (2.93)
658635 (2.80)
658661 (3.21)
658666 (3.01)
658673 (2.73)
658678 (3.73)
658688 (2.81)
658695 (3.17)
658700 (3.42)
658704 (3.33)
658713 (3.43)
658719 (3.54)
658728 (3.29)
658733 (3.54)
658739 (3.04)
658743 (2.93)
658750 (3.31)
658759 (2.93)
658765 (2.68)
658773 (2.96)
658781 (3.11)
658793 (2.60)
658804 (2.95)
658810 (3.08)
658816 (2.70)
658833 (3.19)
658839 (3.18)
658845 (3.27)
658854 (3.15)
658900 (2.61)
658946 (3.53)
668696 (3.32)
672672 (2.50)
675318 (2.88)
676717 (3.07)
677299 (2.94)
678616 (3.60)
681261 (2.60)
684765 (2.79)
688193 (2.61)